0.100136	1.697372
0.200309	1.798193
0.300457	1.885941
0.400606	1.856204
0.500763	1.878766
0.600933	1.924065
0.701086	1.839081
0.801251	1.830784
0.901442	1.794960
1.001591	1.878918
1.101741	1.895947
1.201925	1.737689
1.302106	1.656557
1.402280	1.684685
1.502445	1.637157
1.602604	1.589715
1.702743	1.667611
1.802888	1.762274
1.903044	1.698098
2.003180	1.593439
2.103321	1.695753
2.203433	1.723532
2.303602	1.650655
2.403780	1.648983
2.503949	1.231286
2.604111	1.145755
2.704260	1.088923
2.804413	1.142970
2.904552	1.237601
3.004692	1.546605
3.104862	1.508201
3.205050	1.494075
3.305245	1.533424
3.405360	1.546988
3.505535	1.473714
3.605729	1.488359
3.705910	1.474981
3.806063	1.124068
3.906232	1.360632
4.006424	1.474970
4.106613	1.542188
4.206802	1.544173
4.306985	1.446929
4.407143	1.219544
4.507300	1.196702
4.607461	1.132369
4.707637	1.186257
4.807815	1.205587
4.907981	1.178777
5.008133	1.102454
5.108290	1.112444
5.208456	1.151049
5.308634	1.519197
5.408829	1.509212
5.509017	1.560477
5.609200	1.365158
5.709354	1.172055
5.809500	1.245742
5.909654	1.185916
6.009817	1.517449
6.109992	1.454517
6.210153	1.848073
6.310324	1.936981
6.410472	1.940045
6.510640	1.969503
6.610787	1.933645
6.710917	1.960636
6.811077	1.997234
6.911276	1.978635
7.011395	1.947156
7.111508	1.931243
7.211691	1.957170
7.311860	1.955778
7.412019	1.961145
7.512178	2.012188
7.612360	1.964647
7.712527	1.982014
7.812701	2.005009
7.912876	1.901733
8.013040	1.941401
8.113189	1.905726
8.213343	1.951508
8.313509	1.955666
8.413679	1.901984
8.513845	1.901140
8.613972	1.967408
8.714137	1.906497
8.814290	1.972688
8.914457	1.937831
9.014628	1.985755
9.114758	1.917363
9.214903	1.888128
9.315073	1.815311
9.415220	1.903934
9.515349	1.660317
9.518256	1.039068
