0.100170	1.611636
0.200421	1.777780
0.300619	1.876325
0.400815	1.878932
0.501010	1.837245
0.601201	1.842643
0.701388	1.849720
0.801582	1.883096
0.901771	1.848311
1.001967	1.886106
1.102154	1.683716
1.202311	1.533689
1.302437	1.509485
1.402563	1.534467
1.502687	1.524136
1.602832	1.592691
1.703038	2.984755
1.803297	3.045837
1.903531	3.051019
2.003767	3.080196
2.104014	3.070595
2.204271	2.965847
2.304518	2.857622
2.404731	2.801656
2.504965	3.107506
2.605243	3.081663
2.705482	3.026211
2.805724	3.057005
2.905984	3.062722
3.006231	2.946523
3.106463	2.887278
3.206709	2.551261
3.306985	2.982348
3.407264	3.052846
3.507512	3.035844
3.607753	3.048841
3.707988	3.043683
3.808230	2.734616
3.908466	2.812886
4.008688	3.098740
4.108950	3.116833
4.209193	3.084701
4.309431	3.083184
4.409688	3.060649
4.509932	2.819072
4.610134	2.663680
4.710399	2.999704
4.810713	3.067170
4.911012	3.081744
5.011256	2.982667
5.111480	3.010533
5.211717	2.878631
5.311911	2.839194
5.412121	3.052052
5.512378	3.003757
5.612616	3.036731
5.712864	3.014090
5.813111	3.036485
5.913351	2.748229
6.013586	2.591390
6.113885	3.024117
6.214164	2.970540
6.314409	3.044601
6.414656	3.093552
6.514883	2.902493
6.615110	2.659205
6.715320	3.025265
6.815535	3.051758
6.915780	2.968051
7.016024	3.077974
7.116256	3.046060
7.216470	2.709651
7.316701	2.579030
7.416977	3.143951
7.517223	3.048687
7.617468	3.065149
7.717715	3.047423
7.817949	2.868042
7.918187	2.833532
8.018437	3.130285
8.118688	3.071971
8.218930	3.047598
8.319269	3.074437
8.419487	2.757964
8.519724	2.735226
8.619986	3.044853
8.720222	3.026772
8.820467	3.047200
8.920716	3.029261
9.020983	2.780353
9.121277	3.086934
9.221570	3.082998
9.321814	3.052707
9.422061	3.029009
9.522283	2.876004
9.622546	2.696612
9.722831	3.028168
9.823081	3.083883
9.923369	3.114502
10.023608	3.018743
10.123868	2.881142
10.224133	3.023908
10.324363	3.064384
10.424606	3.108935
10.524843	2.928694
10.625108	2.633255
10.725391	3.057879
10.825626	3.057699
10.925850	3.026528
11.026097	2.985639
11.126396	2.994261
11.226696	3.043700
11.326938	3.020503
11.427284	3.055661
11.527503	2.796014
11.627754	3.002247
11.728050	3.149699
11.828295	3.039883
11.928552	3.072247
12.028852	2.895387
12.129144	3.024595
12.229382	3.064162
12.329618	3.060244
12.429865	2.721389
12.530122	3.087469
12.630371	3.014045
12.730612	3.029967
12.830848	2.898427
12.931087	3.039776
13.031348	3.050202
13.131582	3.042809
13.231839	2.744724
13.332084	3.019322
13.432335	3.057524
13.532593	3.069930
13.632850	2.925065
13.733093	3.084686
13.833339	3.052963
13.933591	2.789596
14.033854	3.093683
14.134106	2.957487
14.234330	3.031840
14.334554	2.981600
14.434799	3.054954
14.535021	3.003268
14.635274	2.780292
14.735562	3.089712
14.835801	3.050716
14.936098	3.035720
15.036357	2.953789
15.136545	3.021952
15.236737	2.897880
15.336985	2.998538
15.437212	2.830353
15.537452	3.120414
15.637693	3.001634
15.737976	2.854917
15.838270	3.084676
15.938521	2.976977
16.038784	3.049987
16.138990	2.940434
16.239296	3.043201
16.339521	3.043379
16.439751	3.007310
16.539977	2.974370
16.640203	2.894180
16.740409	2.953352
16.840599	3.077477
16.940839	2.882945
17.041112	3.032646
17.141377	2.949942
17.241621	2.845837
17.341864	2.988025
17.442121	2.913054
17.542381	2.877498
17.642648	2.876236
17.742929	2.802489
17.843218	2.891558
17.943556	2.791628
18.043885	2.778785
18.144099	2.708605
18.244296	2.748335
18.344545	2.621203
18.444781	2.543104
18.544950	2.884081
18.645118	2.215980
18.745319	2.295800
18.845524	2.370033
18.945735	2.366678
19.045946	2.398964
19.146149	2.292392
19.246362	2.342272
19.346567	2.374445
19.446875	2.662377
19.547260	3.027754
19.647548	2.910301
19.747981	3.156972
19.848312	2.968677
19.857431	1.843921
