0.100366	2.579831
0.201873	3.180672
0.303646	3.301579
0.405277	3.380844
0.507137	3.388223
0.608417	3.371902
0.710396	3.367044
0.811850	3.373810
0.913315	3.322141
1.015576	3.362078
1.117107	3.426861
1.218541	3.305554
1.320517	3.297294
1.421927	3.352396
1.524117	3.245098
1.626213	3.305828
1.728425	3.343398
1.830674	3.245484
1.932517	3.369310
2.034326	3.408466
2.136215	3.240054
2.237674	3.353779
2.339662	3.216249
2.442032	3.290076
2.544091	3.323893
2.646295	3.373515
2.748237	3.350480
2.850272	3.394358
2.951965	3.391088
3.053920	3.310686
3.155923	3.348887
3.257824	3.303905
3.359546	3.251063
3.461556	3.397891
3.563833	3.368860
3.666236	3.348044
3.767870	3.356590
3.868766	3.289154
3.970783	3.378203
4.072535	3.429742
4.174362	3.388560
4.276107	3.318881
4.377949	3.334400
4.479761	3.307984
4.581763	3.382156
4.683877	3.377703
4.785150	3.380548
4.887676	3.352671
4.989760	3.407234
5.091664	3.372689
5.193640	3.350089
5.295521	3.385417
5.397165	3.239003
5.499559	3.374267
5.601240	3.353642
5.702256	3.401713
5.803757	3.352404
5.905114	3.342082
6.006973	3.283999
6.108334	3.370543
6.209883	3.378929
6.311824	3.317696
6.413294	3.360649
6.514846	3.316882
6.616410	3.386688
6.717787	3.334513
6.819855	3.324781
6.921568	3.393558
7.023577	3.313403
7.125641	3.272912
7.227417	3.371506
7.328810	3.380491
7.430838	3.323094
7.532740	3.384440
7.634698	3.378809
7.736307	3.337109
7.837785	3.317976
7.940287	3.205490
8.042402	3.264234
8.144450	3.361035
8.246635	3.299478
8.348961	3.229769
8.450960	3.245987
8.552150	3.275224
8.654030	3.322224
8.755943	3.307421
8.857650	3.437106
8.959702	3.382873
9.061689	3.417829
9.163821	3.359451
9.265813	3.406590
9.367838	3.385872
9.450853	2.818864
