0.100151	1.659632
0.200357	1.691619
0.300493	1.639612
0.400646	1.671339
0.500813	1.652817
0.600997	1.695499
0.701185	1.669069
0.801365	1.662655
0.901548	1.666722
1.001734	1.693165
1.101923	1.696015
1.202110	1.696809
1.302298	1.685231
1.402485	1.657508
1.502670	1.672005
1.602854	1.646291
1.703040	1.704603
1.803235	1.683269
1.903392	1.702641
2.003649	2.847145
2.103992	2.642457
2.204183	2.409038
2.304375	2.423317
2.404565	2.379815
2.504757	2.386479
2.604951	2.358848
2.705143	2.381462
2.805338	2.423701
2.905534	2.426593
3.005722	2.430890
3.105918	2.429615
3.206112	2.386735
3.306304	2.371252
3.406497	2.395572
3.506688	2.401265
3.606880	2.430638
3.707072	2.408544
3.807255	2.433293
3.907429	2.440980
4.007619	2.389862
4.107816	2.370219
4.208002	2.403813
4.308194	2.422419
4.408383	2.141776
4.508598	2.007253
4.608835	2.896749
4.709037	2.548257
4.809233	2.373281
4.909456	2.453628
5.009647	2.343848
5.109838	2.334410
5.210032	2.451315
5.310224	2.388901
5.410417	2.407141
5.510606	2.438182
5.610801	2.394478
5.710992	2.439473
5.811188	2.455672
5.911427	2.443044
6.011621	2.434246
6.111834	2.466962
6.212031	2.406014
6.312223	2.438540
6.412414	2.431575
6.512609	2.402711
6.612801	2.413719
6.712988	2.394961
6.813179	2.285375
6.913367	2.098109
7.013552	2.945428
7.113741	2.651865
7.213934	2.404110
7.314133	2.351420
7.414326	2.411886
7.514517	2.396858
7.614711	2.412445
7.714902	2.353761
7.815098	2.400990
7.915274	2.380755
8.015449	2.396485
8.115643	2.408349
8.215836	2.412794
8.316030	2.403921
8.416223	2.359648
8.516413	2.369003
8.616608	2.432400
8.716796	2.347417
8.816987	2.441784
8.917182	2.415639
9.017375	2.433350
9.117570	2.407422
9.217760	2.113904
9.317990	2.041497
9.418204	2.930127
9.518399	2.576607
9.618595	2.463898
9.718785	2.417421
9.818980	2.385183
9.919278	2.374376
10.019454	2.391418
10.119649	2.408786
10.219839	2.451226
10.320040	2.408510
10.420232	2.414325
10.520425	2.452705
10.620617	2.432001
10.720813	2.404810
10.821008	2.449163
10.921199	2.437500
11.021388	2.405725
11.121581	2.412050
11.221776	2.466653
11.321970	2.400591
11.422168	2.373375
11.522359	2.184396
11.622586	2.521143
11.722818	2.802778
11.823016	2.472235
11.923216	2.377738
12.023406	2.363527
12.123596	2.378604
12.223790	2.436972
12.323983	2.350057
12.424185	2.376627
12.524380	2.424016
12.624573	2.385696
12.724765	2.398350
12.824960	2.390493
12.925152	2.368667
13.025346	2.383678
13.125542	2.374796
13.225736	2.362822
13.325928	2.425753
13.426122	2.367078
13.526317	2.369212
13.626508	2.392726
13.726752	2.163307
13.827049	2.337727
13.927287	2.818453
14.027486	2.382958
14.127635	2.406836
14.227831	2.402530
14.328025	2.405155
14.428222	2.399132
14.528416	2.444004
14.628605	2.403451
14.728798	2.429374
14.828990	2.412817
14.929211	2.369941
15.029397	2.443133
15.129589	2.419675
15.229780	2.397290
15.329976	2.438929
15.430171	2.411677
15.530367	2.441652
15.630557	2.413792
15.730744	2.410490
15.830930	2.168069
15.931149	2.369985
16.031699	2.863289
16.131951	2.522171
16.232142	2.398075
16.332321	2.364525
16.432515	2.339534
16.532709	2.384596
16.632895	2.382197
16.733088	2.392074
16.833272	2.379212
16.933466	2.390525
17.033659	2.417982
17.133851	2.383732
17.234046	2.403142
17.334239	2.387046
17.434434	2.383368
17.534626	2.444949
17.634817	2.405534
17.735012	2.420359
17.835219	2.402103
17.935386	2.031509
18.035593	2.853151
18.135783	2.526772
18.235975	2.427297
18.336163	2.396310
18.436355	2.393479
18.536550	2.447939
18.636741	2.391052
18.736936	2.405892
18.837126	2.428998
18.937312	2.402451
19.037510	2.394104
19.137697	2.403957
19.237889	2.434120
19.338086	2.447427
19.438276	2.425490
19.538470	2.465783
19.638661	2.439945
19.738854	2.420095
19.839047	2.304046
19.939278	2.373670
20.039496	2.835156
20.139707	2.497643
20.239900	2.437162
20.340092	2.406869
20.440288	2.363833
20.540479	2.389993
20.640667	2.424647
20.740865	2.417855
20.841059	2.407276
20.941253	2.446896
21.041450	2.422584
21.141642	2.408575
21.241833	2.394417
21.342026	2.426800
21.442231	2.367892
21.542426	2.404503
21.642616	2.450024
21.742805	2.295317
21.843026	2.172178
21.943285	2.892419
22.043490	2.513018
22.143683	2.426660
22.243876	2.424678
22.344067	2.400202
22.444264	2.413294
22.544456	2.369723
22.644649	2.364064
22.744840	2.369571
22.845032	2.411769
22.945223	2.432470
23.045418	2.387782
23.145614	2.377544
23.245808	2.412304
23.346002	2.452220
23.446197	2.384568
23.546391	2.396918
23.646619	2.182844
23.746898	2.856550
23.847147	2.474469
23.947399	2.372562
24.047591	2.398652
24.147783	2.425608
24.247973	2.427336
24.348166	2.382798
24.448361	2.378939
24.548550	2.369186
24.648744	2.424500
24.748924	2.357809
24.849117	2.415070
24.949338	2.340867
25.049534	2.367489
25.149726	2.353276
25.249917	2.340649
25.350109	2.130913
25.450387	2.520770
25.550679	2.578529
25.650875	2.417897
25.751065	2.411647
25.851247	2.409104
25.951421	2.286672
26.051614	2.321267
26.151805	2.412687
26.251999	2.377582
26.352194	2.393096
26.452388	2.398011
26.552582	2.369213
26.652772	2.400520
26.752919	2.409333
26.853120	2.416106
26.953311	2.403400
27.053499	2.125057
27.153698	2.840876
27.253891	2.531446
27.354087	2.337786
27.454280	2.348840
27.554471	2.348710
27.654664	2.374129
27.754853	2.362305
27.855050	2.379196
27.955298	2.376021
28.055470	2.362409
28.155664	2.423757
28.255851	2.351861
28.356043	2.381888
28.456235	2.412501
28.556424	2.438636
28.656677	2.114096
28.756914	2.656059
28.857106	2.535123
28.957302	2.367646
29.057494	2.354163
29.157690	2.260295
29.257881	2.363794
29.358077	2.376624
29.458268	2.377658
29.558465	2.410421
29.658661	2.390183
29.758847	2.404447
29.859058	2.373518
29.959267	2.373589
30.059437	2.382886
30.159626	2.256311
30.259844	2.481165
30.360072	2.705154
30.460267	2.353831
30.560466	2.368319
30.660658	2.343063
30.760848	2.350733
30.861043	2.338584
30.961236	2.392528
31.061433	2.372952
31.161624	2.389384
31.261815	2.282924
31.362007	2.369731
31.462201	2.375761
31.562394	2.355526
31.662584	2.241838
31.762803	2.719720
31.863034	2.486332
31.963265	2.350821
32.063440	2.324278
32.163640	2.396487
32.263829	2.442429
32.364018	2.357904
32.464205	2.367410
32.564399	2.374087
32.664588	2.356081
32.764777	2.403899
32.864971	2.390996
32.965167	2.422011
33.065376	2.277493
33.165662	2.742407
33.265940	2.497775
33.366132	2.396833
33.466326	2.299009
33.566518	2.277113
33.666713	2.327622
33.766905	2.263268
33.867098	2.307260
33.967274	2.320729
34.067446	2.291292
34.167636	2.302157
34.267826	2.340665
34.368018	2.411910
34.468240	2.158743
34.568470	2.814114
34.668669	2.386313
34.768853	2.351466
34.869053	2.340899
34.969273	2.394470
35.069468	2.340559
35.169664	2.403590
35.269858	2.366622
35.370050	2.331194
35.470244	2.354425
35.570440	2.414555
35.670635	2.341624
35.770864	2.423798
35.871131	2.638066
35.971302	2.317823
36.071478	2.268647
36.171668	2.280815
36.271859	2.298017
36.372051	2.319776
36.472237	2.297799
36.572432	2.316057
36.672620	2.334324
36.772812	2.307728
36.873004	2.336969
36.973221	2.157793
37.073455	2.734239
37.173650	2.351822
37.273841	2.288876
37.374033	2.350514
37.474224	2.333041
37.574421	2.340515
37.674611	2.330913
37.774804	2.305884
37.874998	2.343016
37.975190	2.346272
38.075415	2.260687
38.175686	2.515457
38.275957	2.390093
38.376146	2.310983
38.476340	2.311663
38.576530	2.309895
38.676719	2.318167
38.776915	2.296526
38.877105	2.285245
38.977296	2.270600
39.077492	2.311431
39.177683	2.305627
39.277952	2.541684
39.378208	2.461673
39.478400	2.321278
39.578597	2.229636
39.678788	2.306386
39.778982	2.280903
39.879170	2.284977
39.979390	2.286530
40.079581	2.341249
40.179770	2.316635
40.279958	2.096431
40.380195	2.776320
40.480451	2.308094
40.580645	2.259256
40.680838	2.251045
40.781029	2.194318
40.881218	2.204074
40.981405	2.257431
41.081597	2.230664
41.181789	2.273793
41.281980	2.149197
41.382168	2.764274
41.482363	2.201840
41.582556	2.287602
41.682747	2.256897
41.782957	2.259200
41.883152	2.248567
41.983380	2.282870
42.083576	2.263165
42.183763	2.223617
42.283952	2.459968
42.384136	2.273475
42.484327	2.252649
42.584512	2.223036
42.684702	2.209558
42.784892	2.280211
42.885082	2.223120
42.985271	2.256933
43.085459	2.210347
43.185651	2.503429
43.285835	2.294066
43.386023	2.252079
43.486218	2.251786
43.586410	2.240410
43.686603	2.206747
43.786793	2.199194
43.886983	2.208012
43.987226	2.037910
44.087433	2.635843
44.187624	2.178757
44.287816	2.198382
44.388004	2.168630
44.488194	2.158671
44.588385	2.176029
44.688574	2.141941
44.788795	2.169426
44.889022	2.580075
44.989242	2.156052
45.089440	2.144482
45.189628	2.162985
45.289820	2.166724
45.390007	2.124005
45.490195	2.132075
45.590386	2.331986
45.690576	2.238312
45.790767	2.141457
45.890956	2.146212
45.991148	2.090110
46.091374	2.121832
46.191563	2.113453
46.291755	2.370789
46.391944	2.208059
46.492132	2.127948
46.592321	2.054069
46.692510	2.088483
46.792700	2.050857
46.892887	2.046050
46.993075	2.450073
47.093267	2.114632
47.193457	2.065766
47.293644	2.049695
47.393833	2.078143
47.494020	2.109091
47.594261	2.394266
47.694549	2.113987
47.794739	2.088471
47.894926	2.026382
47.995117	2.058298
48.095287	2.016677
48.195456	2.390376
48.295643	2.063713
48.395840	2.034571
48.496028	2.082717
48.596224	2.052411
48.696435	2.281862
48.796627	2.092684
48.896817	1.984460
48.997007	1.983222
49.097202	2.020758
49.197399	2.282627
49.297590	2.087253
49.397777	1.941541
49.497984	1.936618
49.598173	1.986133
49.698365	2.365469
49.798552	1.941551
49.898741	1.903449
49.998959	1.935934
50.099148	2.221001
50.199343	2.021046
50.299545	1.855380
50.399734	1.950056
50.499919	2.260988
50.600107	2.009320
50.700298	1.939951
50.800491	1.980883
50.900680	2.170122
51.000869	1.906341
51.101057	1.901927
51.201238	2.197717
51.301424	1.942502
51.401616	1.915425
51.501802	2.105900
51.601986	1.963112
51.702174	1.917467
51.802362	2.228927
51.902550	1.849861
52.002738	1.893263
52.102929	2.114633
52.203115	1.899691
52.303279	2.094661
52.403445	1.864116
52.503629	2.068197
52.603819	1.862446
52.704010	2.103839
52.804196	2.127540
52.904379	1.923053
53.004562	2.034849
53.104751	2.033051
53.204954	1.940962
53.305150	1.984785
53.405332	1.784164
53.505552	2.382759
53.605767	2.316642
53.705976	2.019856
53.806166	2.071556
53.906353	2.045733
54.006539	2.081548
54.106734	2.064447
54.206929	2.084873
54.307124	2.013596
54.407290	2.017071
54.507457	2.050716
54.607649	2.027812
54.707838	2.039904
54.808022	2.023272
54.908208	2.022134
55.008425	2.043460
55.108607	2.070497
55.208800	2.214056
55.308993	2.396196
55.409185	2.447537
55.509461	2.335008
55.609770	3.020145
55.710015	3.209020
55.810256	2.920947
55.843898	2.039699
