0.100181	0.604376
0.200432	0.600301
0.300647	0.569000
0.400863	0.631721
0.501079	0.551938
0.601268	0.701350
0.701479	0.646371
0.801701	0.591337
0.901907	0.590367
1.002058	0.648428
1.102241	0.578012
1.202427	0.643646
1.302592	0.626557
1.402779	0.640739
1.502988	0.578622
1.603175	0.652769
1.703406	0.551098
1.803614	0.526856
1.903799	0.636183
2.004011	0.579059
2.104227	0.627308
2.204440	0.645902
2.304627	0.598863
2.404835	0.611515
2.505049	0.528347
2.605272	0.616458
2.705495	0.565447
2.805668	0.679516
2.905875	0.625537
3.006088	0.606465
3.106300	0.629769
3.206484	0.553940
3.306674	0.632645
3.406858	0.559583
3.507061	0.578504
3.607261	0.619642
3.707450	0.523449
3.807674	0.643703
3.907876	0.637598
4.008070	0.586934
4.108282	0.589271
4.208506	0.615838
4.308726	0.668849
4.408912	0.621256
4.509093	0.586855
4.609274	0.604225
4.709459	0.583792
4.809671	0.635092
4.909888	0.614816
5.010112	0.554788
5.110325	0.643008
5.210538	0.599616
5.310751	0.580583
5.410966	0.635996
5.511183	0.590298
5.611396	0.656712
5.711584	0.543109
5.811773	0.681850
5.911961	0.611797
6.012170	0.574062
6.112400	0.575608
6.212623	0.630765
6.312835	0.589418
6.413061	0.565585
6.513281	0.616470
6.613491	0.595981
6.713701	0.620187
6.813899	0.628793
6.914122	0.582352
7.014334	0.673312
7.114551	0.628370
7.214762	0.588654
7.314972	0.627197
7.415160	0.609053
7.515419	0.622318
7.615631	0.643314
7.715854	0.574590
7.816079	0.642935
7.916266	0.644244
8.016478	0.629614
8.116670	0.539733
8.216887	0.667802
8.317099	0.644234
8.417291	0.539583
8.517516	0.599853
8.617704	0.594740
8.717893	0.606454
8.818102	0.601464
8.918305	0.591909
9.018511	0.577119
9.118727	0.616651
9.218938	0.576331
9.319158	0.585563
9.419382	0.678411
9.519591	0.626738
9.619798	0.572694
9.720008	0.619275
9.820193	0.601916
9.920381	0.547978
10.003290	0.638070
