0.100095	1.273805
0.200318	1.292287
0.300447	1.326270
0.400625	1.302150
0.500825	1.287099
0.601002	1.292872
0.701185	1.260512
0.801368	1.314890
0.901552	1.227905
1.001739	1.288024
1.101920	1.323890
1.202099	1.285242
1.302282	1.316415
1.402459	1.311155
1.502644	1.249672
1.602826	1.276978
1.703013	1.326866
1.803192	1.317680
1.903407	1.302896
2.003588	1.296479
2.103772	1.312749
2.203955	1.299805
2.304152	1.315613
2.404342	1.305969
2.504524	1.260985
2.604708	1.268716
2.704906	1.275402
2.805093	1.332042
2.905278	1.304505
3.005449	1.305299
3.105621	1.293552
3.205803	1.313524
3.305985	1.303779
3.406170	1.290643
3.506362	1.286744
3.606543	1.312633
3.706721	1.302751
3.806905	1.336042
3.907084	1.328648
4.007268	1.327964
4.107454	1.298852
4.207636	1.302417
4.307816	1.286588
4.408002	1.262451
4.508192	1.284489
4.608373	1.310954
4.708556	1.294022
4.808738	1.283675
4.908950	1.337494
5.009128	1.313430
5.109312	1.282285
5.209494	1.271639
5.309677	1.295851
5.409860	1.321741
5.510045	1.318967
5.610230	1.297189
5.710428	1.283323
5.810610	1.307126
5.910814	1.282788
6.010995	1.311260
6.111196	1.318757
6.211466	1.312519
6.311650	1.308482
6.411836	1.288195
6.512019	1.295530
6.612204	1.330697
6.712387	1.292495
6.812583	1.319744
6.912770	1.317271
7.012952	1.310180
7.113131	1.311738
7.213270	1.388306
7.313450	2.697013
7.413734	3.187497
7.514079	3.240634
7.614428	3.335805
7.714719	3.236885
7.814919	2.584108
7.915184	3.047657
8.015566	3.269047
8.115879	3.299934
8.216204	3.352743
8.316477	3.260140
8.416668	2.744086
8.516906	3.257626
8.617279	3.270427
8.717632	3.165560
8.817992	3.243776
8.918246	2.758489
9.018482	3.191314
9.118868	3.279441
9.219583	3.242504
9.319895	3.353181
9.420162	2.734853
9.520405	3.132191
9.620717	3.297375
9.721026	3.253036
9.821338	3.286717
9.921662	2.853465
10.021917	3.159502
10.122232	3.224872
10.222583	3.343195
10.322932	3.361232
10.423200	2.859609
10.523466	3.212752
10.623809	3.261530
10.724134	3.276857
10.824441	3.257657
10.924692	2.683228
11.024953	3.272870
11.125282	3.300754
11.225648	3.329472
11.325920	3.162021
11.426178	2.796594
11.526663	3.313079
11.627020	3.204348
11.727367	3.186720
11.827662	2.719637
11.927895	3.184736
12.028351	3.328788
12.128652	3.331010
12.228900	2.814539
12.329110	3.120884
12.429410	3.299879
12.529728	3.336562
12.629976	2.851968
12.730219	3.120602
12.830577	3.269547
12.930923	3.307055
13.031174	2.886275
13.131447	3.230446
13.231765	3.271161
13.332064	3.252920
13.432341	2.831041
13.532720	3.288474
13.633058	3.335430
13.733305	2.968143
13.833539	3.125452
13.933885	3.337310
14.034175	3.252448
14.134509	2.737438
14.234929	3.334068
14.335504	3.289344
14.435796	2.885693
14.536061	3.322195
14.636418	3.312747
14.736696	2.898759
14.836934	3.249847
14.937391	3.245978
15.037681	2.985278
15.137912	3.180521
15.238220	3.321986
15.338461	2.850782
15.438705	3.272797
15.539031	3.218135
15.639312	2.938351
15.739623	3.214801
15.839876	3.214360
15.940104	2.878430
16.040462	3.284749
16.140725	2.949537
16.240981	3.238488
16.341311	3.301650
16.441622	2.806798
16.541984	3.311847
16.642248	2.898550
16.742517	3.310490
16.842773	3.024162
16.943024	3.247181
17.043285	3.154755
17.143516	3.152797
17.243754	3.006616
17.343967	3.214290
17.444211	2.904126
17.544432	3.274164
17.644765	2.866877
17.745107	3.248637
17.845437	2.968104
17.945713	3.095419
18.046004	3.233231
18.146353	2.925719
18.246603	3.047656
18.346771	3.186785
18.446990	3.079486
18.547291	3.087647
18.647630	3.084777
18.747943	3.051230
18.848279	3.114986
18.948559	3.158414
19.048795	2.994640
19.149009	3.052264
19.249227	2.858459
19.349420	2.908952
19.449612	2.886000
19.549777	2.272706
19.649917	2.867087
19.750065	1.608943
19.850204	1.658771
19.950373	1.606021
20.050711	1.659109
20.150860	1.664710
20.251029	1.661770
20.351196	1.662411
20.451418	1.644911
20.551590	1.631105
20.651760	1.629153
20.751929	1.625218
20.852099	1.642267
20.952274	1.659079
21.052446	1.660208
21.152592	1.644931
21.252744	1.623817
21.352888	1.665074
21.453057	1.658883
21.553225	1.666814
21.653401	1.581687
21.753572	1.642699
21.853751	1.615299
21.953897	1.660785
22.054066	1.626138
22.154236	1.656426
22.254390	1.662328
22.354535	1.579583
22.454705	1.644404
22.554887	1.626210
22.655035	1.626935
22.755202	1.644437
22.855366	1.643884
22.955510	1.649085
23.055677	1.628438
23.155847	1.662075
23.256015	1.642588
23.356186	1.612549
23.456363	1.648546
23.556532	1.656900
23.656700	1.621573
23.756869	1.645631
23.857038	1.629317
23.957222	1.659550
24.057391	1.646083
24.157549	1.629042
24.257699	1.644258
24.357848	1.645969
24.457992	1.625918
24.558163	1.645437
24.658339	1.635308
24.758490	1.615912
24.858634	1.660049
24.958803	1.664672
25.058978	1.609891
25.159123	1.660036
25.259291	1.636814
25.359461	1.612860
25.459639	1.664518
25.559784	1.644027
25.659952	1.641222
25.760122	1.662682
25.860297	1.596473
25.960463	1.664708
26.060630	1.610472
26.160801	1.668457
26.260979	1.749196
26.361146	1.700505
26.461319	1.704812
26.561466	1.722020
26.661643	1.695301
26.761793	1.731565
26.861963	1.718114
26.962132	1.723766
27.062298	1.728392
27.162470	2.287476
27.262638	2.346984
27.363192	3.066184
27.464431	2.822706
27.496191	1.783423
